 5.22000000e+02
 1.35900000e+03
 1.47700000e+03
 3.18300000e+03
 3.61000000e+03
 3.72400000e+03
 4.13100000e+03
 5.05200000e+03
 5.21000000e+03
 5.66300000e+03
 5.93900000e+03
 6.09000000e+03
 8.02500000e+03
 8.76200000e+03
 8.96100000e+03
 1.03560000e+04
 1.03840000e+04
 1.11290000e+04
 1.16580000e+04
 1.23390000e+04
 1.24240000e+04
 1.26460000e+04
 1.26540000e+04
 1.43190000e+04
 1.51960000e+04
 1.67030000e+04
 1.77590000e+04
 1.81140000e+04
 1.81870000e+04
 2.06680000e+04
 2.07520000e+04
 2.10190000e+04
 2.12340000e+04
 2.22480000e+04
 2.24200000e+04
 2.28760000e+04
 2.31800000e+04
 2.47770000e+04
 2.58020000e+04
 2.87320000e+04
 2.87940000e+04
 2.90870000e+04
 2.99350000e+04
 3.15540000e+04
 3.25480000e+04
 3.53960000e+04
 3.63110000e+04
 3.67310000e+04
 3.78840000e+04
 3.82640000e+04
 3.82690000e+04
 4.12970000e+04
 4.58560000e+04
 4.96050000e+04
 5.12920000e+04
