 1.10000000e+01
 1.08000000e+02
 3.44000000e+02
 3.91000000e+02
 3.95000000e+02
 4.93000000e+02
 5.22000000e+02
 5.80000000e+02
 6.64000000e+02
 8.38000000e+02
 9.83000000e+02
 9.96000000e+02
 1.02000000e+03
 1.05600000e+03
 1.06800000e+03
 1.15000000e+03
 1.17500000e+03
 1.20300000e+03
 1.24300000e+03
 1.27000000e+03
 1.35900000e+03
 1.42400000e+03
 1.44000000e+03
 1.47700000e+03
 1.62000000e+03
 1.72100000e+03
 1.86600000e+03
 1.90100000e+03
 2.06800000e+03
 2.11200000e+03
 2.13000000e+03
 2.16100000e+03
 2.18200000e+03
 2.42900000e+03
 2.63000000e+03
 2.80300000e+03
 2.82400000e+03
 2.91300000e+03
 2.94400000e+03
 3.05500000e+03
 3.09000000e+03
 3.12400000e+03
 3.13800000e+03
 3.18300000e+03
 3.29100000e+03
 3.37500000e+03
 3.38300000e+03
 3.40900000e+03
 3.41300000e+03
 3.47100000e+03
 3.54100000e+03
 3.61000000e+03
 3.62600000e+03
 3.62800000e+03
 3.66200000e+03
 3.67600000e+03
 3.72400000e+03
 3.77600000e+03
 3.80600000e+03
 3.81300000e+03
 3.85600000e+03
 3.95100000e+03
 4.13100000e+03
 4.31600000e+03
 4.68500000e+03
 4.72200000e+03
 4.74800000e+03
 4.74900000e+03
 4.80700000e+03
 4.87600000e+03
 4.87700000e+03
 4.88400000e+03
 4.93600000e+03
 4.98700000e+03
 5.00000000e+03
 5.05200000e+03
 5.18200000e+03
 5.19500000e+03
 5.21000000e+03
 5.38000000e+03
 5.40100000e+03
 5.43000000e+03
 5.47900000e+03
 5.50700000e+03
 5.51400000e+03
 5.66300000e+03
 5.67300000e+03
 5.75800000e+03
 5.92200000e+03
 5.93900000e+03
 6.09000000e+03
 6.13900000e+03
 6.32600000e+03
 6.43100000e+03
 6.55300000e+03
 6.70800000e+03
 6.80300000e+03
 6.83000000e+03
 6.84600000e+03
 6.86500000e+03
 6.93500000e+03
 6.98700000e+03
 7.07400000e+03
 7.12000000e+03
 7.12900000e+03
 7.15300000e+03
 7.16700000e+03
 7.28300000e+03
 7.29100000e+03
 7.30500000e+03
 7.41300000e+03
 7.46900000e+03
 7.55400000e+03
 7.57900000e+03
 7.59100000e+03
 7.61100000e+03
 7.62400000e+03
 7.63600000e+03
 7.71000000e+03
 7.88600000e+03
 7.91400000e+03
 7.94500000e+03
 7.95100000e+03
 7.97200000e+03
 7.98900000e+03
 8.02500000e+03
 8.21700000e+03
 8.23000000e+03
 8.24700000e+03
 8.25000000e+03
 8.30000000e+03
 8.36100000e+03
 8.39500000e+03
 8.50100000e+03
 8.61600000e+03
 8.66100000e+03
 8.68900000e+03
 8.70800000e+03
 8.76200000e+03
 8.92000000e+03
 8.94900000e+03
 8.96100000e+03
 8.96400000e+03
 9.00700000e+03
 9.06600000e+03
 9.13300000e+03
 9.24200000e+03
 9.26800000e+03
 9.34100000e+03
 9.70000000e+03
 9.71400000e+03
 9.75400000e+03
 9.81100000e+03
 9.83400000e+03
 9.84400000e+03
 9.97100000e+03
 1.00430000e+04
 1.00530000e+04
 1.00670000e+04
 1.02100000e+04
 1.02840000e+04
 1.03560000e+04
 1.03750000e+04
 1.03840000e+04
 1.06970000e+04
 1.08190000e+04
 1.08880000e+04
 1.08970000e+04
 1.09290000e+04
 1.09650000e+04
 1.10130000e+04
 1.11290000e+04
 1.11870000e+04
 1.12920000e+04
 1.14330000e+04
 1.16580000e+04
 1.17940000e+04
 1.18610000e+04
 1.19100000e+04
 1.19200000e+04
 1.22670000e+04
 1.23390000e+04
 1.23600000e+04
 1.24240000e+04
 1.24750000e+04
 1.25710000e+04
 1.26150000e+04
 1.26460000e+04
 1.26540000e+04
 1.26600000e+04
 1.26700000e+04
 1.27600000e+04
 1.28040000e+04
 1.28180000e+04
 1.29340000e+04
 1.29510000e+04
 1.29580000e+04
 1.29590000e+04
 1.30100000e+04
 1.30680000e+04
 1.31310000e+04
 1.31560000e+04
 1.32680000e+04
 1.33010000e+04
 1.35670000e+04
 1.38870000e+04
 1.39730000e+04
 1.39900000e+04
 1.41320000e+04
 1.41770000e+04
 1.42830000e+04
 1.43190000e+04
 1.46610000e+04
 1.47340000e+04
 1.48320000e+04
 1.48560000e+04
 1.50640000e+04
 1.51730000e+04
 1.51870000e+04
 1.51900000e+04
 1.51960000e+04
 1.53460000e+04
 1.56280000e+04
 1.57280000e+04
 1.57530000e+04
 1.58910000e+04
 1.59630000e+04
 1.59970000e+04
 1.60490000e+04
 1.60900000e+04
 1.61140000e+04
 1.61230000e+04
 1.62130000e+04
 1.62180000e+04
 1.64020000e+04
 1.65790000e+04
 1.67030000e+04
 1.68730000e+04
 1.69710000e+04
 1.70320000e+04
 1.72840000e+04
 1.75050000e+04
 1.75540000e+04
 1.75860000e+04
 1.76690000e+04
 1.76790000e+04
 1.77590000e+04
 1.79660000e+04
 1.81140000e+04
 1.81490000e+04
 1.81870000e+04
 1.82490000e+04
 1.83000000e+04
 1.84940000e+04
 1.86600000e+04
 1.87270000e+04
 1.89180000e+04
 1.90890000e+04
 1.91090000e+04
 1.91940000e+04
 1.93120000e+04
 1.93500000e+04
 1.94600000e+04
 1.94610000e+04
 1.96660000e+04
 1.96950000e+04
 1.99570000e+04
 1.99970000e+04
 2.00550000e+04
 2.01440000e+04
 2.01720000e+04
 2.01960000e+04
 2.02160000e+04
 2.02970000e+04
 2.03260000e+04
 2.05220000e+04
 2.06680000e+04
 2.06780000e+04
 2.07070000e+04
 2.07520000e+04
 2.08030000e+04
 2.10190000e+04
 2.10410000e+04
 2.10470000e+04
 2.11460000e+04
 2.12340000e+04
 2.13930000e+04
 2.14140000e+04
 2.14510000e+04
 2.14710000e+04
 2.16870000e+04
 2.17560000e+04
 2.20240000e+04
 2.22480000e+04
 2.22910000e+04
 2.24080000e+04
 2.24200000e+04
 2.27720000e+04
 2.27970000e+04
 2.28760000e+04
 2.28770000e+04
 2.29730000e+04
 2.31390000e+04
 2.31580000e+04
 2.31800000e+04
 2.32380000e+04
 2.33560000e+04
 2.34040000e+04
 2.34160000e+04
 2.35170000e+04
 2.35470000e+04
 2.36160000e+04
 2.36420000e+04
 2.38020000e+04
 2.42470000e+04
 2.44910000e+04
 2.47220000e+04
 2.47770000e+04
 2.48450000e+04
 2.48480000e+04
 2.48880000e+04
 2.51870000e+04
 2.53580000e+04
 2.54110000e+04
 2.54710000e+04
 2.55270000e+04
 2.57430000e+04
 2.58020000e+04
 2.59480000e+04
 2.61410000e+04
 2.61930000e+04
 2.62460000e+04
 2.63170000e+04
 2.63410000e+04
 2.63610000e+04
 2.64390000e+04
 2.64420000e+04
 2.64960000e+04
 2.66910000e+04
 2.68560000e+04
 2.68690000e+04
 2.71300000e+04
 2.73070000e+04
 2.73420000e+04
 2.73600000e+04
 2.74140000e+04
 2.75400000e+04
 2.75640000e+04
 2.75710000e+04
 2.77850000e+04
 2.77890000e+04
 2.78320000e+04
 2.78740000e+04
 2.81150000e+04
 2.81630000e+04
 2.83890000e+04
 2.83940000e+04
 2.85060000e+04
 2.85100000e+04
 2.85570000e+04
 2.87060000e+04
 2.87250000e+04
 2.87320000e+04
 2.87940000e+04
 2.88150000e+04
 2.88430000e+04
 2.88500000e+04
 2.88760000e+04
 2.89260000e+04
 2.90260000e+04
 2.90870000e+04
 2.92210000e+04
 2.95010000e+04
 2.99350000e+04
 2.99450000e+04
 3.02190000e+04
 3.02530000e+04
 3.04730000e+04
 3.06520000e+04
 3.06650000e+04
 3.07310000e+04
 3.09050000e+04
 3.10390000e+04
 3.11990000e+04
 3.12600000e+04
 3.12670000e+04
 3.14340000e+04
 3.14950000e+04
 3.15440000e+04
 3.15450000e+04
 3.15540000e+04
 3.17840000e+04
 3.20800000e+04
 3.21800000e+04
 3.22430000e+04
 3.22820000e+04
 3.22970000e+04
 3.25480000e+04
 3.29070000e+04
 3.29190000e+04
 3.29590000e+04
 3.29670000e+04
 3.31170000e+04
 3.31520000e+04
 3.32210000e+04
 3.34310000e+04
 3.34760000e+04
 3.37320000e+04
 3.37730000e+04
 3.38480000e+04
 3.38490000e+04
 3.39190000e+04
 3.40470000e+04
 3.42420000e+04
 3.43920000e+04
 3.44060000e+04
 3.46590000e+04
 3.48110000e+04
 3.50170000e+04
 3.51670000e+04
 3.51850000e+04
 3.52980000e+04
 3.53960000e+04
 3.54700000e+04
 3.55710000e+04
 3.55760000e+04
 3.60910000e+04
 3.61150000e+04
 3.62260000e+04
 3.62740000e+04
 3.62940000e+04
 3.63110000e+04
 3.63400000e+04
 3.64420000e+04
 3.65280000e+04
 3.65740000e+04
 3.66480000e+04
 3.67120000e+04
 3.67160000e+04
 3.67310000e+04
 3.67410000e+04
 3.67820000e+04
 3.68010000e+04
 3.68470000e+04
 3.69760000e+04
 3.71220000e+04
 3.71700000e+04
 3.73660000e+04
 3.74640000e+04
 3.74780000e+04
 3.75230000e+04
 3.75330000e+04
 3.76460000e+04
 3.78130000e+04
 3.78760000e+04
 3.78840000e+04
 3.79550000e+04
 3.80730000e+04
 3.82640000e+04
 3.82690000e+04
 3.83400000e+04
 3.87270000e+04
 3.88590000e+04
 3.92510000e+04
 3.92760000e+04
 3.93040000e+04
 3.94320000e+04
 3.96110000e+04
 3.96630000e+04
 3.96770000e+04
 3.97450000e+04
 3.97990000e+04
 3.99930000e+04
 4.00650000e+04
 4.01740000e+04
 4.01880000e+04
 4.02100000e+04
 4.04290000e+04
 4.06080000e+04
 4.08220000e+04
 4.10180000e+04
 4.10530000e+04
 4.11580000e+04
 4.12970000e+04
 4.13460000e+04
 4.14330000e+04
 4.15540000e+04
 4.17950000e+04
 4.19110000e+04
 4.19350000e+04
 4.21960000e+04
 4.23550000e+04
 4.23910000e+04
 4.25370000e+04
 4.27700000e+04
 4.36190000e+04
 4.39310000e+04
 4.41660000e+04
 4.43970000e+04
 4.45700000e+04
 4.46810000e+04
 4.48030000e+04
 4.48990000e+04
 4.49180000e+04
 4.49970000e+04
 4.50360000e+04
 4.51700000e+04
 4.56100000e+04
 4.56590000e+04
 4.58020000e+04
 4.58560000e+04
 4.59190000e+04
 4.69090000e+04
 4.70230000e+04
 4.78670000e+04
 4.79230000e+04
 4.81340000e+04
 4.82000000e+04
 4.82510000e+04
 4.82890000e+04
 4.83760000e+04
 4.85090000e+04
 4.85900000e+04
 4.87650000e+04
 4.89500000e+04
 4.89730000e+04
 4.94030000e+04
 4.94550000e+04
 4.96050000e+04
 4.96350000e+04
 4.96410000e+04
 4.97520000e+04
 5.01280000e+04
 5.02730000e+04
 5.06740000e+04
 5.07090000e+04
 5.08710000e+04
 5.09620000e+04
 5.12350000e+04
 5.12920000e+04
 5.16080000e+04
 5.19260000e+04
 5.23100000e+04
 5.23470000e+04
 5.28770000e+04
 5.29130000e+04
 5.29790000e+04
 5.29910000e+04
 5.31260000e+04
 5.34780000e+04
 5.39700000e+04
 5.42660000e+04
 5.44010000e+04
 5.44310000e+04
 5.46080000e+04
 5.46910000e+04
 5.47930000e+04
